0
132
154
372
407
494
508
428
416
199
164
-107
-150
-372
-408
-495
-509
-429
-417
-200
-165
106
149
371
407
494
508
428
416
199
164
-107
-150
-372
-408
-495
-509
-429
-417
-200
-165
106
149
371
407
494
508
428
416
199
164
-107
-150
-372
-408
-495
-509
-429
-417
-200
-165
106
149
371
407
494
508
428
416
199
164
-107
-150
-372
-408
-495
-509
-429
-417
-200
-165
106
149
371
407
494
508
428
416
199
164
-107
-150
-372
-408
-495
-509
-429
-417
-200
-165
106
149
371
407
494
508
428
416
199
164
-107
-150
-372
-408
-495
-509
-429
-417
-200
-165
106
149
371
407
494
508
428
416
199
164
-107
-150
-372
-408
-495
-509
-429
-417
-200
-165
106
149
371
407
494
508
428
416
199
164
-107
-150
-372
-408
-495
-509
-429
-417
-200
-165
106
149
371
407
494
508
428
416
199
164
-107
-150
-372
-408
-495
-509
-429
-417
-200
-165
106
149
371
407
494
508
428
416
199
164
-107
-150
-372
-408
-495
-509
-429
-417
-200
-165
